--------BREAK--------
640.0
400.0
130.0
2.0E16
Sun
0.0
0.0
0.0
0.0
255
255
0
100
99387
0.0
-0.0
130.0
--------BREAK--------
1040.0
400.0
7.0
3.3E9
Mercury
0.0
56.0
0.0
0.0
128
128
128
45
72793
400.0
-0.0
7.0
--------BREAK--------
1540.0
400.0
20.0
5.0E10
Venus
0.0
35.0
0.0
0.0
255
200
0
120
43520
900.0
-0.0
20.0
--------BREAK--------
1840.0
400.0
20.0
6.0E10
Earth
0.0
33.0
0.0
0.0
0
0
255
220
70109
1200.0
-0.0
20.0
--------BREAK--------
2340.0
400.0
10.0
6.4E9
Mars
0.0
28.0
0.0
0.0
255
0
0
390
44597
1700.0
-0.0
10.0
--------BREAK--------
3940.0
400.0
50.0
2.0E13
Jupiter
0.0
20.0
0.0
0.0
250
120
20
1010
50453
3300.0
-0.0
50.0
--------BREAK--------
5540.0
400.0
45.0
5.7E12
Saturn
0.0
17.0
0.0
0.0
250
230
120
2050
94711
4900.0
-0.0
45.0
--------BREAK--------
7240.0
400.0
40.0
8.7E11
Uranus
0.0
15.0
0.0
0.0
0
255
255
3500
46325
6600.0
-0.0
40.0
--------BREAK--------
9340.0
400.0
40.0
1.0E12
Neptune
0.0
13.0
0.0
0.0
150
0
200
6000
51795
8700.0
-0.0
40.0
